2947000
1996000
1994000
1994000
1995000
2992000
997000
3127000
1861000
1994000
1994000
2015000
1975000
1994000
3000000
1987000
1995000
997000
2993000
1994000
1995000
2001000
1988000
1995000
1994000
1995000
1995000
1994000
2993000
1994000
1994000
1996000
1994000
1994000
1995000
1995000
1995000
1994000
1995000
1994000
1995000
1995000
1995000
1995000
1994000
1995000
1995000
1994000
1995000
1995000
1994000
1994000
2021000
1969000
1994000
1996000
1994000
1994000
1995000
1995000
1994000
1995000
1995000
1995000
1994000
1995000
1995000
1994000
1995000
1994000
1996000
1994000
997000
1995000
1995000
1994000
1995000
2992000
1994000
1995000
1995000
1994000
1995000
1995000
1995000
1994000
1995000
1995000
1994000
1995000
2992000
1995000
1995000
2010000
1979000
1995000
1993000
2027000
1994000
1965000
