1519
1337
1347
1277
1346
1347
1277
1277
1346
1277
1347
1347
1347
1277
1346
1277
1347
1347
1347
1346
1347
1277
1347
1347
1347
1277
1346
1347
1347
1347
1277
1347
1277
1347
1346
1347
1277
1347
1277
1277
1346
1277
1347
1347
1277
1346
1347
1346
1347
1347
1347
1347
1277
1277
1277
1346
1347
1347
1347
1277
1346
1277
1347
1347
1347
1347
1347
1347
1277
1347
1277
1347
1347
1347
1277
1346
1347
1347
1347
1347
1347
1277
1346
1347
1277
1347
1347
1347
1277
1277
1346
1347
1347
1347
1346
1346
1346
1347
1277
1347